6.000000000000000000e+02
5.860000000000000000e+02
5.860000000000000000e+02
5.860000000000000000e+02
5.920000000000000000e+02
5.980000000000000000e+02
5.860000000000000000e+02
5.900000000000000000e+02
5.860000000000000000e+02
5.980000000000000000e+02
5.860000000000000000e+02
5.900000000000000000e+02
5.900000000000000000e+02
5.900000000000000000e+02
6.000000000000000000e+02
5.940000000000000000e+02
5.920000000000000000e+02
6.060000000000000000e+02
5.980000000000000000e+02
5.860000000000000000e+02
5.780000000000000000e+02
6.060000000000000000e+02
5.980000000000000000e+02
5.780000000000000000e+02
5.980000000000000000e+02
5.920000000000000000e+02
5.940000000000000000e+02
5.900000000000000000e+02
5.940000000000000000e+02
5.960000000000000000e+02
5.960000000000000000e+02
5.860000000000000000e+02
5.860000000000000000e+02
5.880000000000000000e+02
5.900000000000000000e+02
6.000000000000000000e+02
5.940000000000000000e+02
5.940000000000000000e+02
6.000000000000000000e+02
6.000000000000000000e+02
5.960000000000000000e+02
5.900000000000000000e+02
6.000000000000000000e+02
5.920000000000000000e+02
5.860000000000000000e+02
5.860000000000000000e+02
5.900000000000000000e+02
6.000000000000000000e+02
5.900000000000000000e+02
6.000000000000000000e+02
5.860000000000000000e+02
5.860000000000000000e+02
5.940000000000000000e+02
5.980000000000000000e+02
5.980000000000000000e+02
5.900000000000000000e+02
5.900000000000000000e+02
5.900000000000000000e+02
5.860000000000000000e+02
5.980000000000000000e+02
5.860000000000000000e+02
5.900000000000000000e+02
5.940000000000000000e+02
5.900000000000000000e+02
5.860000000000000000e+02
5.900000000000000000e+02
6.100000000000000000e+02
5.900000000000000000e+02
5.860000000000000000e+02
5.900000000000000000e+02
5.960000000000000000e+02
5.960000000000000000e+02
5.900000000000000000e+02
5.860000000000000000e+02
5.780000000000000000e+02
5.900000000000000000e+02
5.860000000000000000e+02
5.860000000000000000e+02
5.920000000000000000e+02
5.980000000000000000e+02
6.060000000000000000e+02
5.980000000000000000e+02
5.860000000000000000e+02
5.860000000000000000e+02
5.960000000000000000e+02
5.900000000000000000e+02
5.960000000000000000e+02
5.900000000000000000e+02
5.900000000000000000e+02
5.860000000000000000e+02
5.980000000000000000e+02
5.900000000000000000e+02
5.980000000000000000e+02
5.860000000000000000e+02
5.920000000000000000e+02
5.980000000000000000e+02
5.900000000000000000e+02
6.020000000000000000e+02
5.900000000000000000e+02
5.880000000000000000e+02
5.940000000000000000e+02
6.000000000000000000e+02
5.980000000000000000e+02
5.860000000000000000e+02
5.900000000000000000e+02
5.880000000000000000e+02
5.900000000000000000e+02
5.900000000000000000e+02
5.940000000000000000e+02
6.060000000000000000e+02
5.920000000000000000e+02
5.880000000000000000e+02
5.900000000000000000e+02
5.900000000000000000e+02
5.920000000000000000e+02
5.860000000000000000e+02
5.860000000000000000e+02
5.860000000000000000e+02
5.980000000000000000e+02
5.940000000000000000e+02
5.900000000000000000e+02
5.900000000000000000e+02
5.780000000000000000e+02
5.860000000000000000e+02
5.880000000000000000e+02
5.900000000000000000e+02
6.000000000000000000e+02
5.860000000000000000e+02
5.860000000000000000e+02
6.000000000000000000e+02
5.920000000000000000e+02
5.940000000000000000e+02
6.000000000000000000e+02
5.780000000000000000e+02
5.880000000000000000e+02
6.000000000000000000e+02
5.940000000000000000e+02
6.020000000000000000e+02
5.960000000000000000e+02
6.020000000000000000e+02
5.900000000000000000e+02
5.940000000000000000e+02
5.860000000000000000e+02
5.980000000000000000e+02
5.900000000000000000e+02
5.940000000000000000e+02
5.860000000000000000e+02
5.900000000000000000e+02
5.920000000000000000e+02
5.860000000000000000e+02
5.860000000000000000e+02
5.860000000000000000e+02
5.860000000000000000e+02
5.940000000000000000e+02
5.980000000000000000e+02
5.860000000000000000e+02
5.860000000000000000e+02
5.920000000000000000e+02
6.000000000000000000e+02
6.000000000000000000e+02
5.900000000000000000e+02
5.940000000000000000e+02
5.860000000000000000e+02
5.900000000000000000e+02
5.920000000000000000e+02
6.000000000000000000e+02
5.920000000000000000e+02
5.860000000000000000e+02
5.920000000000000000e+02
6.000000000000000000e+02
5.900000000000000000e+02
5.900000000000000000e+02
5.860000000000000000e+02
5.960000000000000000e+02
5.980000000000000000e+02
5.860000000000000000e+02
5.980000000000000000e+02
5.900000000000000000e+02
6.020000000000000000e+02
5.980000000000000000e+02
5.900000000000000000e+02
6.020000000000000000e+02
6.040000000000000000e+02
5.860000000000000000e+02
5.980000000000000000e+02
6.020000000000000000e+02
5.980000000000000000e+02
5.900000000000000000e+02
5.980000000000000000e+02
5.860000000000000000e+02
5.780000000000000000e+02
5.980000000000000000e+02
5.940000000000000000e+02
5.980000000000000000e+02
5.940000000000000000e+02
6.020000000000000000e+02
5.900000000000000000e+02
5.780000000000000000e+02
5.900000000000000000e+02
6.000000000000000000e+02
5.860000000000000000e+02
5.860000000000000000e+02
5.860000000000000000e+02
5.860000000000000000e+02
5.960000000000000000e+02
5.880000000000000000e+02
6.000000000000000000e+02
5.880000000000000000e+02
5.860000000000000000e+02
5.900000000000000000e+02
5.900000000000000000e+02
5.860000000000000000e+02
5.940000000000000000e+02
5.980000000000000000e+02
5.980000000000000000e+02
5.860000000000000000e+02
5.880000000000000000e+02
5.860000000000000000e+02
5.920000000000000000e+02
5.900000000000000000e+02
5.900000000000000000e+02
5.900000000000000000e+02
5.960000000000000000e+02
5.860000000000000000e+02
5.920000000000000000e+02
5.900000000000000000e+02
5.860000000000000000e+02
5.860000000000000000e+02
5.900000000000000000e+02
5.900000000000000000e+02
6.000000000000000000e+02
5.980000000000000000e+02
5.900000000000000000e+02
5.860000000000000000e+02
5.900000000000000000e+02
6.080000000000000000e+02
5.900000000000000000e+02
5.860000000000000000e+02
5.900000000000000000e+02
5.960000000000000000e+02
5.860000000000000000e+02
5.900000000000000000e+02
5.900000000000000000e+02
5.900000000000000000e+02
5.860000000000000000e+02
5.860000000000000000e+02
5.900000000000000000e+02
5.900000000000000000e+02
5.940000000000000000e+02
5.980000000000000000e+02
